      1297.73020011	      1196.95797011	      1316.87236384	      1368.30455418	      1067.40888013	      1301.69762090	      1480.41637438	      1133.27599988	      1231.62117222	      1337.36329555	      1483.77180891	      1389.02571443	      1347.43963336	      1188.27787944	      1250.23932758	       552.91452381	      1207.43810021	      1091.62323646	       985.23422755	      1248.78136247	      1172.03281680	      1060.85021637	      1171.58474495	       840.97730053	      1321.80527171	      1317.44934451	      1163.18974788	      1120.33518421	      1107.93445520	      1317.08814495
      1297.73020011	       982.56201734	      1213.32101902	      1155.02157516	      1067.40888013	      1173.64852690	      1258.41583187	      1133.27599988	       617.36489017	      1128.75239519	      1030.60641219	      1274.62580978	      1096.57574720	      1188.27787944	       941.49932983	       552.91452381	      1152.94675359	      1091.62323646	       985.23422755	      1248.78136247	      1111.11508978	      1060.85021637	      1171.58474495	       840.97730053	      1178.64516604	       995.57961220	      1163.18974788	      1120.33518421	      1097.22928978	      1163.55829349
       981.86121589	       982.56201734	      1171.00703184	      1155.02157516	       900.29031685	      1002.98637208	      1258.41583187	      1025.13373661	       617.36489017	      1128.75239519	      1030.60641219	      1032.47332020	      1096.57574720	       810.85170664	       941.49932983	       552.91452381	      1152.94675359	      1091.62323646	       872.89088242	       877.61798249	      1111.11508978	      1060.85021637	      1047.97129561	       840.97730053	      1149.59749330	       995.57961220	      1050.91529400	      1120.33518421	      1097.22928978	      1163.55829349
       981.86121589	       982.56201734	       965.52382034	       982.75135655	       900.29031685	      1002.98637208	      1026.84387511	       767.25439489	       617.36489017	       829.33845820	       809.33432617	       880.48771717	       897.86052324	       810.85170664	       941.49932983	       552.91452381	      1067.61037633	      1091.62323646	       872.89088242	       877.61798249	       774.56469601	       757.43694276	       907.82555125	       829.74363454	      1149.59749330	       995.57961220	      1050.91529400	       982.94100359	       935.49765702	       896.52744345
       698.31842248	       959.08824345	       932.88887288	       960.30582805	       900.29031685	       734.21393927	       884.44470960	       767.25439489	       617.36489017	       722.65626305	       562.11208498	       829.31615253	       897.86052324	       810.85170664	       804.57404384	       552.91452381	       991.42121381	       992.11520593	       872.89088242	       748.52085487	       774.56469601	       757.43694276	       907.82555125	       829.74363454	       794.89577478	       884.06363780	       829.79560001	       543.26038526	       935.49765702	       641.53056355
       698.31842248	       818.27254547	       812.10324999	       678.56089065	       655.96512353	       724.13864515	       846.91390107	       583.86579381	       461.71023589	       706.77628319	       562.11208498	       573.92904156	       611.81328397	       778.29445806	       733.42797492	       552.91452381	       701.74882920	       705.25600384	       663.58429526	       602.14581294	       774.56469601	       757.43694276	       612.51100153	       779.82028783	       794.89577478	       592.92202772	       829.79560001	       543.26038526	       523.54242211	       637.35472699
       641.40490577	       746.68240836	       789.70872307	       678.56089065	       655.96512353	       670.30290826	       509.94268612	       434.31913299	       461.71023589	       615.84178507	       562.11208498	       568.45372916	       611.81328397	       514.96745944	       672.98590805	       552.91452381	       673.79356893	       705.25600384	       649.84531159	       570.52203470	       522.14875401	       757.43694276	       437.49082356	       464.66211985	       776.79583128	       592.92202772	       668.28912982	       462.39826701	       523.54242211	       593.98374541
       571.30780990	       663.71951437	       574.74501805	       389.04452711	       371.01250990	       670.30290826	       431.49475173	       434.31913299	       365.03989791	       398.23511879	       351.39841130	       568.45372916	       205.57714732	       514.96745944	       631.80413201	       552.91452381	       634.89947997	       452.14397901	       311.08631255	       499.01041079	       502.25134665	       574.11519923	       437.49082356	       464.66211985	       431.52999509	       592.92202772	       648.53530880	       462.39826701	       404.48917841	       365.77155400
       520.55306311	       451.31770799	       545.67584140	       375.42154267	       371.01250990	       300.94684693	       398.71643636	       363.79554940	       304.42026929	       398.23511879	       351.39841130	       397.16337390	       205.57714732	       435.11590004	       354.05896507	       529.34692296	       494.58390437	       327.16541962	       311.08631255	       384.41882967	       484.71127674	       335.84911718	       389.18095795	       437.74727093	       266.32003208	       460.34454854	       474.04252452	       396.15191219	       404.48917841	       352.35901969
       286.98899486	       138.88894901	       173.72862058	       114.90802998	       242.38110096	       289.87205826	       326.37532874	       175.94806879	       183.08372168	       328.23702037	       296.85300669	       235.80880488	       205.57714732	       236.52762294	       198.04064187	       281.97848335	       289.60048398	       316.21605908	       311.08631255	       275.72689780	       247.27092348	       145.15564963	       193.71958733	       294.63328279	       212.98737372	       317.37997820	       183.73323589	       219.98542297	       205.51124884	       322.02309148
       152.58342565	       138.88894901	        55.82460908	        83.07482717	        76.80099150	       121.80096762	       100.29065461	       104.42777765	       152.51539011	       114.41666674	       135.40598700	       128.13690376	       115.18912872	       140.22238793	       154.74162795	       177.44000867	       134.95356683	        85.48401576	       140.70914333	       141.02373195	       108.77336657	       115.38822834	       125.99995315	       126.56216153	       140.12394793	        73.84857773	       105.52593734	        89.44054518	       116.93658538	       198.53595263
        64.48703486	        57.66767477	        44.44924243	        56.94391242	        45.95203214	        52.64379496	        58.52543781	        34.96903239	        74.33426453	        69.36501929	        68.68917781	        48.45105447	        69.32938392	        50.67281044	        65.40980057	        75.21351324	        54.15139071	        49.69221008	        48.20837724	        72.56273714	        40.00135525	        48.14291454	        52.17406841	        67.74842245	        61.82491747	        59.18482385	        71.85190827	        54.31105527	        57.82547691	        61.53887478
        26.89987912	        24.23451931	        24.14651848	        35.40459692	        21.63888135	        19.77709219	        27.37415777	        24.15633364	        22.50206613	        26.51352442	        23.20513267	        25.88283363	        30.77111726	        27.04068381	        27.04253086	        24.95692363	        21.09557564	        24.31964716	        18.44853059	        23.66220014	        23.37287979	        26.82037993	        24.68794173	        36.12067697	        14.77306351	        28.12584770	        31.12025146	        23.57093708	        24.54086552	        31.68691733
        13.37756746	        10.64234332	        13.82766428	         8.43687848	         8.73313320	        12.73314897	        17.36383479	        14.05885421	         6.68454324	        13.29673703	        16.60984732	         9.76507439	        14.41333229	        13.18339564	        17.39430728	        13.25416237	        11.11758145	        13.63401194	        10.99158684	         9.12710683	         7.05198271	        13.42752340	        11.52367940	        17.72471562	         7.98939823	        15.87131056	        18.38862467	        13.45895680	        14.42696561	        13.21142321
         3.09647331	         1.59169536	         2.81922655	         2.41969766	         2.47607361	         3.37834828	         6.85816722	         1.11272617	         2.39796672	         4.71542981	         2.75620469	         2.79372897	         2.64273279	         1.73818075	         3.75430664	         2.61957033	         0.79353010	         6.83361809	         4.76360935	         1.78131138	         1.90513116	         7.13408522	         2.40863721	         8.78848872	         1.48147903	         3.87184191	        10.32249927	         2.49284526	         4.19369741	         6.75750600
         0.74634374	         0.71141387	         0.66456952	         0.83069505	         0.63863379	         0.74093790	         0.72753716	         0.86706784	         0.46535281	         0.69607829	         0.71052143	         0.95487820	         0.67496238	         0.52428460	         0.61499484	         0.73236247	         0.74378375	         0.95448844	         0.83223836	         0.57394195	         0.73364089	         0.96452804	         0.86197926	         0.61116735	         0.50914634	         0.70383844	         0.76836193	         0.61903517	         0.81368370	         0.76468123
