      1551.48038548	      2272.86379819	      2147.27385368	      2028.08392773	      1757.91465395	      2187.60188978	      1849.05301364	      1998.17731391	      2039.48336047	      1709.54959609	      1583.52588202	      2114.43502653	      1927.25535421	      2139.77337325	      1786.97879109	      1818.72709559	      1444.93980623	      2061.08129461	      1933.02873900	      1783.58756397	      2086.50186309	      2015.19566155	      1779.27872543	      1728.65826529	      1892.90340977	      1643.96409481	      2108.79063363	      1956.77847097	      1936.06816573	      1814.05554391
      1551.48038548	      2167.15631935	      1856.38449486	      1912.71299173	      1757.91465395	      2025.98186719	      1222.80886361	      1998.17731391	      1911.81201250	      1709.54959609	      1583.52588202	      2055.57963568	      1927.25535421	      1980.90235011	      1786.97879109	      1818.72709559	      1444.93980623	      2031.28844059	      1933.02873900	      1783.58756397	      1984.11755788	      1607.64475376	      1779.27872543	      1728.65826529	      1892.90340977	      1643.96409481	      1850.57022892	      1956.77847097	      1701.61837286	      1814.05554391
      1551.48038548	      2155.88208576	      1856.38449486	      1647.82199768	      1757.91465395	      2025.98186719	      1222.80886361	      1986.55001845	      1911.81201250	      1709.54959609	      1272.74272254	      1690.80065588	      1513.84504489	      1852.19232841	      1786.97879109	      1667.04534944	      1444.93980623	      2018.12173818	      1537.40239181	      1783.58756397	      1984.11755788	      1607.64475376	      1779.27872543	      1573.28790290	      1892.90340977	      1643.96409481	      1850.57022892	      1741.91765549	      1701.61837286	      1814.05554391
      1450.03498284	      1825.40952905	      1847.50759439	      1647.82199768	      1757.91465395	      1716.06012789	      1222.80886361	      1699.17847448	      1585.45810255	      1709.54959609	      1076.20314648	      1690.80065588	      1464.28870275	      1573.22548245	      1786.97879109	      1667.04534944	      1444.93980623	      1946.69270202	      1537.40239181	      1783.58756397	      1888.66453693	      1607.64475376	      1741.35338582	      1573.28790290	      1892.90340977	      1643.96409481	      1721.15962575	      1741.91765549	      1639.08171587	      1771.27650764
      1250.13621504	      1580.44602880	      1677.97032689	      1647.82199768	      1757.91465395	      1716.06012789	      1222.80886361	      1699.17847448	      1585.45810255	      1709.54959609	      1076.20314648	      1650.02474780	      1464.28870275	      1443.11943711	      1786.97879109	      1667.04534944	      1444.93980623	      1744.78391542	      1537.40239181	      1630.95810125	      1786.54245954	      1607.64475376	      1732.58190906	      1573.28790290	      1892.90340977	      1455.06494754	      1721.15962575	      1741.91765549	      1639.08171587	      1586.99962066
      1250.13621504	      1497.91179905	      1677.97032689	      1366.09151314	      1431.80289539	      1716.06012789	      1222.80886361	      1454.56816375	      1373.98253263	      1276.84203475	      1076.20314648	      1580.48809504	      1464.28870275	      1443.11943711	      1428.15232414	      1477.04111121	      1320.36823891	      1589.66902101	      1299.09030050	      1630.95810125	      1266.93520668	      1388.14440130	      1569.33945894	      1573.28790290	      1663.98242233	      1455.06494754	      1488.79076123	      1499.28770696	      1524.99727686	      1586.99962066
      1250.13621504	      1357.17475749	      1601.80400701	      1219.36980284	      1304.88668913	      1411.38588272	      1222.80886361	      1340.73284969	      1186.36443342	      1276.84203475	       979.05758147	      1363.40771347	      1266.19929134	      1443.11943711	      1409.32861971	       706.88448588	      1320.36823891	      1388.32446096	      1115.97806271	      1474.93109330	      1266.93520668	      1388.14440130	      1569.33945894	      1301.92965606	      1438.81218087	      1256.63017431	      1384.85198995	      1102.93391833	      1378.26155180	      1298.86564125
      1250.13621504	      1114.61795208	      1275.06686609	      1219.36980284	      1137.46258933	      1411.38588272	      1135.65992659	      1340.73284969	      1141.48296403	      1276.84203475	       979.05758147	      1363.40771347	      1266.19929134	      1097.23831168	      1330.90255780	       706.88448588	      1320.36823891	      1386.36523579	      1029.96003056	      1183.33884469	      1266.93520668	       994.90825615	      1258.48684199	      1056.23102498	      1421.02291755	      1219.87089075	      1280.68048722	      1058.19189321	      1334.63072756	      1208.06960216
      1068.43306569	       903.38898653	       420.37173043	       927.38303278	       813.88818048	      1068.94784229	      1135.65992659	       990.26984338	       809.92437427	       931.04508297	       766.55372131	      1036.33715992	      1018.29586263	       962.55132440	       904.73322475	       706.88448588	       897.89748501	       879.84707131	      1029.96003056	      1012.63513026	      1132.70164039	       960.75174197	       645.04749909	       835.08188789	      1038.82622747	       832.53011755	      1166.87612969	       755.37309182	       765.30149234	      1060.74271825
       865.56340347	       666.42190231	       420.37173043	       653.13782069	       466.33896709	       684.99400105	       726.69765371	       772.33330204	       510.98096527	       818.81110260	       766.55372131	       580.24921264	       849.31114937	       622.68596462	       633.92082582	       564.97199621	       688.79850657	       510.41054273	       620.22659553	       588.27804665	       515.00631714	       501.28401571	       645.04749909	       714.66779399	       816.34423843	       680.76524731	       842.59167293	       663.01268942	       696.95202578	       732.14639873
       374.53498248	       369.50363141	       336.56298715	       528.58766074	       397.82142343	       507.58783018	       425.21067894	       485.31336498	       316.30586521	       273.93239836	       296.67146623	       460.46128587	       347.35114813	       446.21558778	       555.23877121	       438.49713700	       313.63786459	       148.91916804	       462.38709879	       359.51343546	       515.00631714	       416.55007457	       487.44305191	       360.23449068	       413.18010251	       319.18331109	       495.71473663	       433.22344359	       204.96823691	       428.03107624
       122.60425098	       140.85597650	       148.59003508	       205.65879875	       213.90994377	       253.64388234	       231.70918996	       197.42714363	       132.18253060	       130.23189722	        93.36720519	       269.98434970	       214.47774111	       188.95783807	        94.62209564	       169.47804431	       136.91521093	       110.50412689	       136.58012436	       212.96732252	       241.69881569	       141.16560901	       120.43382071	       176.85829500	       144.52723890	       125.82411383	       161.28315753	       222.01742020	       101.96268028	       293.77006634
        27.99361151	        35.92623097	        56.57590917	        50.23465756	       113.68114203	        39.98914015	        47.55838526	        83.55351007	        56.53171050	        47.29644261	        55.87957437	        93.25730571	        53.83792257	        53.04947065	        41.12954582	        48.60968719	        56.63142642	        54.02960710	        45.49755600	        61.15858032	        49.31142481	        70.29887299	        21.12442813	        82.97770884	        39.24945345	        37.34298353	        12.43411663	        81.90217847	        39.30980953	        82.39235449
        13.56221215	        16.28380783	        16.42905117	        27.53959024	        26.87462714	        11.92806072	        15.61296383	        19.18566755	        16.19591011	         6.16841134	        15.83957201	        15.47362429	        14.59433379	        14.09980528	         5.98562179	        14.46454553	        15.48850120	         6.55312957	        24.83468925	         9.14426632	         6.91431733	        26.35988599	         7.27341766	        20.29726127	         8.62861961	         6.56876424	         5.61775660	        11.35297484	        10.09166930	        23.48858103
         6.24137321	         1.73750780	         7.50796099	        10.71823742	         5.03863574	         4.06758810	         8.00803936	         7.57871062	         6.23325121	         3.82445402	         7.68854499	         4.07078183	         1.40835610	         6.41789588	         4.05895316	         5.44968630	         5.31512011	         0.78230345	         7.89109353	         6.09904256	         0.72751138	         3.04373589	         0.67907895	         8.22763876	         4.28071565	         4.28209890	         4.10007067	         2.09548164	         4.24323248	         7.81163311
         0.06300924	         0.31823088	         0.31270307	         3.42179305	         0.25311889	         0.19011404	         0.12558406	         3.60232401	         3.60232401	         0.25997910	         0.25654330	         0.12616674	         0.19578551	         0.31598885	         0.18736363	         0.22861281	         0.37478129	         0.24991110	         0.12490888	         0.24981776	         0.31633578	         0.18737889	         0.19076362	         0.17476603	         3.53986957	         0.31228272	         0.18736332	         0.25069714	         0.25621175	         0.55388093
