      4292.55674458	      4854.24962345	      5110.79030541	      5121.71427048	      4956.01405953	      5082.43161477	      5194.62889839	      4937.27723630	      5121.78241492	      4555.71834990	      4704.23430271	      4825.88014433	      4830.60744156	      4121.67407666	      3559.27228594	      4443.74469967	      4240.94663359	      5027.08367867	      4415.78540580	      4581.88134492	      4757.23985232	      4775.04669512	      4979.95407597	      4705.31418209	      4568.52094320	      4671.09235965	      4737.96479806	      4891.28473367	      4691.09283718	      4814.14822274
      4292.55674458	      4854.24962345	      5110.79030541	      4583.62398947	      4956.01405953	      4648.43053287	      5011.92435826	      4921.80258320	      4748.44034832	      4555.71834990	      4704.23430271	      4825.88014433	      4830.60744156	      4121.67407666	      3559.27228594	      4443.74469967	      4240.94663359	      4504.43293297	      4409.63403056	      4581.88134492	      4757.23985232	      4775.04669512	      4602.46464938	      4705.31418209	      4568.52094320	      4671.09235965	      4737.96479806	      4891.28473367	      4691.09283718	      4814.14822274
      4292.55674458	      4536.32381492	      4647.26951983	      4583.62398947	      4750.11749880	      4289.74032591	      4028.25483886	      4921.80258320	      4675.81896170	      4555.71834990	      4679.31288013	      4825.88014433	      4298.21503457	      4121.67407666	      3559.27228594	      4443.74469967	      4240.94663359	      4504.43293297	      4409.63403056	      4581.88134492	      4757.23985232	      4775.04669512	      4602.46464938	      4705.31418209	      4568.52094320	      4366.82908286	      4737.96479806	      4543.11419163	      4691.09283718	      4814.14822274
      4292.55674458	      4475.25967447	      4601.47470148	      3924.19591996	      4613.71363415	      4282.49838666	      4028.25483886	      4807.93401090	      4554.16168954	      4555.71834990	      4210.67600561	      4392.76246015	      4242.72984737	      4121.67407666	      3559.27228594	      4443.74469967	      4240.94663359	      4504.43293297	      4409.63403056	      4458.39493711	      4453.95679295	      4482.12020905	      4602.46464938	      4661.43625622	      4055.61396720	      4366.82908286	      4671.23938933	      4263.01023308	      4036.49366861	      4571.38108822
      4133.95099591	      4328.36903595	      4601.47470148	      3924.19591996	      3140.56587266	      4282.49838666	      4028.25483886	      4270.99971382	      4087.44747454	      4521.95007754	      4210.67600561	      3860.94056898	      4217.43751403	      4121.67407666	      3559.27228594	      4056.83159415	      4098.02147367	      4023.91197743	      4409.63403056	      4341.03141174	      4134.62697698	      4309.22792123	      4548.64185199	      4661.43625622	      3941.30196012	      4366.82908286	      4094.89425915	      4263.01023308	      3714.25547014	      4230.71973607
      4056.04256986	      4132.44441008	      4046.40405098	      3924.19591996	      3140.56587266	      3632.67476249	      3379.15406340	      4228.57497857	      3755.56376120	      4016.96918604	      4147.87069150	      3860.94056898	      4217.43751403	      3837.45825658	      3559.27228594	      3835.81572774	      3970.65658565	      4023.91197743	      4107.27755001	      4227.04228750	      3819.12669036	      4086.97641059	      4221.76948734	      3962.78914898	      3941.30196012	      4067.38002660	      3936.96110354	      3916.42416057	      3714.25547014	      4230.71973607
      3919.22669391	      3643.60638940	      3820.71357912	      3818.90910028	      3140.56587266	      3632.67476249	      3379.15406340	      3775.14416894	      3755.56376120	      3780.60427347	      4147.87069150	      3860.94056898	      3829.32303241	      3722.19979914	      3559.27228594	      3735.97420518	      3952.10980501	      3584.07952025	      3235.98308020	      3579.60998286	      3609.93505577	      3927.02630620	      3667.19773130	      3774.54414710	      3444.19954250	      3877.94063947	      3508.57755978	      3709.42944729	      3714.25547014	      3678.11799606
      3484.90730916	      3337.84229248	      3551.93321610	      3205.70111682	      3140.56587266	      3388.33498803	      3341.67760484	      3508.81908259	      3274.29097776	      3558.59381958	      3554.69908028	      3114.92922212	      3340.19968399	      3520.92480905	      2955.64363586	      3735.97420518	      3441.30660213	      3533.75916724	      3235.98308020	      3133.87484702	      3289.10482874	      3593.39251530	      3667.19773130	      3667.93246222	      3444.19954250	      2814.02919025	      3152.92973784	      3156.63649635	      3374.36293954	      3678.11799606
      3067.12061490	      2603.43304842	      2850.05019867	      2897.50121853	      3068.88519970	      2883.43833315	      3115.59724606	      2771.47102439	      2515.72485545	      2960.82763291	      2480.77438408	      3053.53468325	      2668.21201388	      2574.57925903	      2359.86426923	      2340.07095840	      3059.62678159	      2715.57707514	      2914.03862892	      2189.03154722	      2750.50126568	      2785.54986162	      2357.20857597	      2916.25143024	      3000.78565508	      2753.37468257	      2909.51318585	      3008.50345414	      3041.92035297	      3139.60184881
      1919.00594394	      1759.90386915	      1906.41158360	      2244.49269192	      2081.16145264	      2218.32750419	      2119.03566753	      1762.63186182	      2113.72758032	      2226.92317831	      2198.15607662	      2058.63342593	      2042.88435036	      2083.52100148	      1909.41449018	      1702.20266949	      1709.37337392	      2048.62265193	      2070.23504898	      1823.07292681	      2162.71872410	      1940.71804209	      2074.80533891	      2389.62163886	      2118.15469660	      1954.50946253	      2181.44772566	      2025.03234412	      1929.11122516	      1866.16402872
      1014.01112087	      1199.17971837	      1218.83853257	      1007.91386362	      1103.78142738	       962.00548508	      1095.90786038	      1145.40993854	       933.98577154	      1233.65701956	      1097.39088219	      1371.94190422	      1089.91435791	      1176.46782842	      1147.48089346	      1308.33850146	      1076.86351533	      1173.60823698	      1089.29992126	       895.64252392	      1204.66543861	      1113.93175053	      1308.37617890	      1285.87964877	      1010.11048600	      1274.21481769	      1251.16973645	      1245.98039009	      1015.50078159	      1137.27804510
       586.00748558	       392.14889474	       276.51207931	       512.67185214	       450.87242851	       594.53004683	       479.84911858	       354.08282389	       545.50198311	       539.55491276	       506.35860568	       491.00810837	       362.96813008	       549.60486316	       476.71942763	       588.64054404	       515.19549649	       527.72753264	       471.69219061	       465.59085440	       392.20061960	       588.34725723	       544.00714189	       640.44814279	       481.22595389	       616.67496139	       488.62166906	       636.70520452	       595.56131910	       451.08572364
       135.79451051	       178.83466189	       118.22405069	       203.60356103	       166.61717220	       214.18478838	       131.28980729	       110.96114903	       158.45355903	       225.56589603	       144.85356527	       149.20199055	       200.09155520	       161.11558671	       165.12097611	       241.65205900	       203.84332475	       223.91134623	       138.52138824	       180.68762227	       132.27308594	       132.46937415	       224.83333715	       152.47061721	       167.05704005	       164.77881260	       192.51395835	       128.58672950	       232.06613766	       124.53558183
        42.36796553	        43.66978039	        28.57980767	        46.46233824	        39.87468673	        58.74109300	        26.41263995	        49.66979569	        38.34252473	        50.30079554	        32.91727818	        43.79776135	        40.74056630	        36.81543684	        41.92108205	        47.60663259	        36.02290718	        43.63806677	        33.80312133	        60.20395227	        31.32924031	        42.29444053	        45.45710589	        52.75934260	        38.97281263	        41.50849288	        56.26051982	        45.23115479	        59.81619488	        40.57082794
         5.74283672	         2.65627943	         4.05822738	         0.99265303	         0.70399146	         3.63320579	         2.90141762	         2.76776231	         5.13199201	         2.37626050	         2.38983887	         0.89900573	         3.97885563	         2.91472795	         3.95678035	         2.93985141	         2.58674788	         3.50872131	         2.96307498	         6.25193428	         2.62965440	         4.49390537	         3.03693473	         5.85212920	         2.41771623	         4.39357404	         3.18276811	         5.13763608	         3.93285236	         3.32077992
         0.06245692	         0.03122846	         0.06245692	         0.06245692	         0.03122846	         0.06245692	         0.03122846	         0.03122846	         0.03122846	         0.03122846	         0.03122846	         0.03122846	         0.03122846	         0.06245692	         0.00000000	         0.03122846	         0.09368537	         0.03122846	         0.00000000	         0.06245692	         0.03122846	         0.06245692	         0.00000000	         0.03473943	         0.03122846	         0.06245692	         0.03122846	         0.03122869	         0.03122846	         0.06245692
