      3465.25959504	      3402.19784775	      3509.62805797	      3243.41245238	      3260.76121677	      3523.55836702	      3262.97226547	      3167.51814223	      3598.79139139	      3623.42259316	      2611.83094919	      3199.29672394	      3212.68789569	      3665.61590271	      3300.12456164	      3520.97295907	      3497.62875241	      3675.72345083	      3559.72072163	      3206.84721803	      3136.20850448	      3742.14826989	      3395.17283618	      3544.19739958	      3642.64633023	      3428.44753000	      3215.98655583	      3050.59394868	      3120.14919980	      3249.77342773
      2895.86199503	      3363.75698820	      2761.09090693	      3243.41245238	      3260.76121677	      3446.40607816	      3262.97226547	      3167.51814223	      3536.90290718	      3479.21263466	      2611.83094919	      3199.29672394	      3212.68789569	      3665.61590271	      3300.12456164	      3520.97295907	      3497.62875241	      3475.03937825	      3559.72072163	      3206.84721803	      3136.20850448	      2936.77220854	      3395.17283618	      3250.84678475	      3642.64633023	      3409.89473543	      3215.98655583	      3050.59394868	      3120.14919980	      3249.77342773
      2895.86199503	      3275.83753839	      2761.09090693	      3243.41245238	      3260.76121677	      3446.40607816	      3262.97226547	      2962.23669854	      3536.90290718	      3429.63068874	      2611.83094919	      3199.29672394	      3212.68789569	      3526.76741457	      3275.04535281	      3358.77465027	      3319.25005879	      3475.03937825	      3559.72072163	      3206.84721803	      3136.20850448	      2936.77220854	      3287.55455068	      3250.84678475	      3169.76200252	      3310.65938334	      3215.98655583	      2963.91235828	      3120.14919980	      3150.70697965
      2895.86199503	      3275.83753839	      2761.09090693	      3243.41245238	      3260.76121677	      3014.25666418	      3252.11632570	      2962.23669854	      3265.01876929	      3278.93913511	      2611.83094919	      2984.24412176	      3212.68789569	      3526.76741457	      3275.04535281	      3180.65819007	      3319.25005879	      3417.12839014	      2993.67455636	      3206.84721803	      2791.57503697	      2912.07243386	      3079.39054646	      3250.84678475	      3169.76200252	      3310.65938334	      2136.80744878	      2963.91235828	      3120.14919980	      3150.70697965
      2895.86199503	      2799.26424509	      2761.09090693	      3243.41245238	      3089.22530796	      3014.25666418	      3203.36223894	      2874.00520702	      3234.91240462	      3128.37397424	      2557.96346336	      2883.45481683	      3144.58007794	      3299.98012470	      3109.37575685	      2646.83998497	      2850.86655256	      3144.31481467	      2993.67455636	      3024.09579201	      2791.57503697	      2912.07243386	      3079.39054646	      2965.72878622	      3064.82984127	      3248.57690545	      2136.80744878	      2892.92820869	      3120.14919980	      3038.87106242
      2895.86199503	      2799.26424509	      2761.09090693	      3097.10547821	      2948.07903447	      2969.47135749	      3073.22160348	      2874.00520702	      3091.67280582	      2819.50553850	      2506.01944972	      2883.45481683	      2506.48576546	      2729.41358271	      2424.40970243	      2646.83998497	      2850.86655256	      3080.20457729	      2993.67455636	      3018.22016197	      2708.49078790	      2884.27332561	      2989.54062531	      2965.72878622	      2857.84785215	      2956.21015856	      2136.80744878	      2796.06993564	      2822.17006493	      2691.43950900
      2837.43353465	      2776.79850164	      2761.09090693	      2794.80651056	      2528.69326187	      2425.20107930	      2641.00418010	      2673.03845014	      2623.49320126	      2571.08559587	      2506.01944972	      2644.60606348	      2506.48576546	      2729.41358271	      2424.40970243	      2646.83998497	      2468.35916335	      2575.15239668	      2804.31841349	      2528.56907552	      2308.86118845	      2829.02770680	      2331.48479420	      2763.34048388	      2621.19334712	      2492.84574621	      2136.80744878	      2764.64399457	      2625.79456560	      2691.43950900
      2599.96632650	      2521.40179342	      2057.74820534	      2104.29096846	      2528.69326187	      2425.20107930	      2422.90328988	      2562.81789792	      2211.47094542	      2571.08559587	      2316.46443155	      2376.96718098	      2499.56031743	      2399.60603739	      2424.40970243	      2421.70817573	      2468.35916335	      2556.73599016	      2472.85108164	      1795.15051174	      2308.86118845	      2289.61877048	      2331.48479420	      2530.22315720	      2621.19334712	      2492.84574621	      2136.80744878	      2439.41371940	      2281.71356287	      2432.69024775
      2048.77067342	      2061.05634857	      1576.47035973	      2015.08317108	      2001.75390761	      2184.64357363	      2073.74056038	      2346.58669774	      2211.47094542	      2050.18953930	      2252.89212124	      2004.92298763	      1924.98502103	      2107.18736467	      1971.19052592	      2272.41711897	      2055.14580939	      2003.48999572	      1963.20692393	      1795.15051174	      1639.12225220	      2054.89640996	      2015.37136030	      2078.85622531	      2415.36632243	      2033.31112610	      2085.40476749	      2064.80555454	      2188.77352362	      2168.22987729
      1677.72363609	      1412.91154761	      1487.53139104	      1435.28119261	      1785.66318247	      1648.84578940	      1301.40940105	      1560.94561009	      1604.66906596	      1504.18396422	      1292.40231634	      1458.75005295	      1621.33476911	      1424.41813766	      1729.77699571	      1566.67350764	      1253.30784766	      1693.88022206	      1687.40121068	      1389.20252509	      1528.12310850	      1594.56920731	      1547.13500979	      1493.88719059	      1216.79077566	      1587.06423843	      1443.87244511	      1492.42427943	      1506.66023538	      1707.89581328
       869.67708460	      1084.92910553	      1086.09431481	      1192.65142732	       829.77856769	      1139.60497301	      1057.25325149	      1235.33820805	      1105.80759966	      1096.55448304	       865.31588479	      1100.14856632	       984.40940327	      1042.62596302	       923.80006774	      1137.89424489	      1060.89783474	      1061.28157795	       710.52082287	       933.28313062	       983.32554242	      1092.03469095	      1048.93594341	       920.36275137	       946.21008171	      1095.63797324	      1054.32467404	       729.33343827	      1040.41181776	       947.65746797
       590.93814857	       613.50143491	       521.67038676	       661.48654013	       574.84722711	       582.70188683	       538.57484819	       622.39561494	       777.65343143	       728.06337779	       516.37654899	       339.31653087	       593.89501377	       643.54036891	       580.31608535	       449.82991111	       391.09727466	       584.62915737	       588.14750060	       536.50759989	       673.91565713	       656.81569816	       692.81402039	       448.48328192	       503.47510961	       544.83117951	       596.71220947	       441.39371394	       586.02645621	       720.26599786
       199.02840171	       243.07547724	       316.23100058	       281.60418512	       264.37946155	       277.78574400	       165.89033441	       320.50994261	       356.66747489	       347.80495472	       262.31785873	       212.81594212	       338.74899537	       307.64389076	       207.71527165	       264.68378714	       251.49790844	       373.61489638	       176.75076898	       234.65402655	       255.50493488	       285.63162185	       374.17870345	       279.27953589	       340.46557084	       307.43652377	       353.20286517	       249.76936818	       210.43467352	       300.88656173
        37.86085189	        89.12755556	       150.74533961	        69.26526498	        89.73055965	        65.13540507	       120.24926437	       125.57697349	        72.01655670	        99.84329264	        91.74742473	        61.38234677	        77.39521711	        91.58728586	        82.02170860	       101.88257161	        85.34528130	        74.72775095	        60.51085232	        80.15003848	        92.79053899	        36.29251641	       151.44870457	        95.92483916	       151.74713995	        56.87915924	        47.43474801	       165.85373653	        92.72279468	        81.79606566
         8.37817422	         8.50482023	         2.24642629	        11.86308391	        10.38671762	        13.97982009	         8.30000296	        29.77327503	        24.24717618	         8.82361641	        17.24015113	         6.26146567	         5.25983803	        27.31738519	        28.50532599	         6.50139112	        14.12587179	        20.42165699	        12.59107205	        10.11674026	        11.03107292	         7.20191703	        20.34310313	        10.78173907	         9.92093303	        12.01666120	        13.58004580	         9.57436104	         1.59691345	        14.49652863
         0.20818702	         0.08327479	         0.04182313	         0.12560239	         0.14145972	         0.16654958	         0.12565129	         0.12491218	         0.21194856	         0.08327479	         0.04463123	         0.08481330	         0.12633429	         0.09687962	         0.07264316	         0.12491218	         0.08390764	         0.06546820	         0.13864009	         0.12491218	         0.17812201	         0.12491218	         0.17040082	         0.12600000	         0.04163739	         2.36005767	         0.08405764	         0.04252216	         0.00000000	         0.08830111
