       961.39423638	       865.38684158	       803.93961923	       942.41384213	       843.96451276	       927.37408691	       882.27552036	       845.39615529	       895.78476819	       879.53868837	       867.35658146	       944.88980061	       900.25644545	       939.94888504	       920.96227896	       861.80163388	       931.44010770	       768.94388925	       943.08467259	       943.18054823	       873.62265760	       950.47810422	       889.14911417	       801.27125262	       940.14003936	       870.79675046	       844.86635143	      1017.70629661	       810.62701716	       865.96276096
       734.80291046	       844.25985386	       803.93961923	       816.08655054	       843.96451276	       890.68018688	       874.64210429	       813.90179567	       895.78476819	       818.58619677	       867.35658146	       873.46106803	       839.43011222	       924.76148653	       885.53662271	       861.80163388	       828.35311019	       725.38959240	       864.67138011	       883.21014542	       873.62265760	       902.52166250	       881.25196523	       801.27125262	       858.47575783	       868.65996451	       844.86635143	       908.21705674	       774.77660483	       865.96276096
       734.80291046	       763.08979870	       803.93961923	       816.08655054	       843.96451276	       776.28392623	       810.21034983	       762.67873279	       764.03466195	       759.89274354	       863.93271120	       802.00096556	       813.35482941	       808.47993345	       712.29464348	       815.17641826	       797.50189028	       725.38959240	       761.98961937	       766.34590479	       761.49911314	       751.94074579	       841.51208863	       736.58061005	       815.57205180	       740.90617277	       844.86635143	       849.68003617	       746.46923720	       771.58147779
       699.40915037	       705.75114266	       660.16495118	       723.41613373	       705.30803771	       702.66503494	       731.70918870	       672.31787205	       611.95021675	       687.52175165	       737.16632396	       656.72542157	       665.42008370	       732.78289549	       691.60317272	       685.40743733	       693.53484246	       712.31911232	       676.34114127	       702.46882521	       650.68101307	       715.72471705	       714.84951156	       693.13057626	       717.50460960	       694.25439345	       648.21600479	       698.72459282	       683.25408810	       691.77811614
       566.77292116	       599.97153563	       591.18685693	       574.56772953	       596.83695026	       589.97579709	       594.45252812	       592.33798178	       587.19489303	       586.44190301	       617.47381560	       593.61392273	       590.40449482	       594.05777640	       600.54451771	       559.38966536	       575.34339447	       602.25064750	       586.64649263	       572.18473236	       576.17580650	       594.96713160	       602.76638568	       593.20301251	       596.37702714	       610.38214472	       600.06216568	       592.22685771	       587.04902320	       588.24976310
       536.88008914	       511.07090111	       539.45923206	       529.21227988	       537.65931020	       545.14927659	       541.09352714	       543.37640619	       528.08175201	       545.87054262	       514.90807648	       529.17594149	       514.22368981	       539.04290011	       523.22261770	       521.22171771	       521.79114865	       522.02116053	       529.46322751	       533.05392500	       534.57821727	       534.77657260	       543.85285758	       530.06445361	       536.85508501	       536.71129615	       522.22636078	       544.83393093	       540.80995711	       531.10314093
       514.62702661	       511.07090111	       512.63283582	       510.56877608	       511.49362816	       523.58947738	       521.33608689	       507.15661258	       514.00516478	       509.45692435	       504.35677661	       501.93279042	       514.22368981	       484.46238202	       523.22261770	       503.73207773	       517.20383779	       520.78709350	       501.62981207	       509.22280819	       522.24580388	       519.17075590	       511.81483992	       511.04565632	       519.79164137	       525.42035569	       502.36924345	       485.86673155	       512.36513608	       511.04877075
       501.81259729	       511.07090111	       494.83721940	       501.47058759	       507.93767470	       504.80836021	       508.29885232	       500.14347367	       508.67277155	       509.33024005	       489.58267043	       501.93279042	       514.22368981	       484.46238202	       499.07727064	       491.54234309	       500.72502233	       513.90927092	       498.50111447	       509.22280819	       506.39697409	       506.12048418	       508.71816094	       511.04565632	       501.30966110	       514.34930541	       498.53890897	       485.86673155	       511.95973520	       498.18474217
       501.81259729	       490.51198887	       488.97855610	       491.41256435	       490.61171158	       484.30602281	       492.32545289	       500.14347367	       488.29465234	       482.36937960	       489.58267043	       480.18158529	       498.58836337	       484.46238202	       499.07727064	       491.54234309	       486.61199913	       491.01667412	       496.11718919	       494.49744141	       500.31278582	       497.41565266	       495.57526168	       494.07811661	       491.99736918	       492.49848360	       482.83459942	       485.86673155	       498.62653463	       495.82281452
       458.49820969	       462.19252050	       457.77808013	       459.87778882	       454.29291700	       471.36450733	       459.81397854	       470.77538404	       459.76496565	       470.76506305	       466.35772538	       461.27550033	       456.79273607	       464.68194893	       469.78835368	       457.35020032	       470.28230938	       474.00879842	       470.05026474	       477.56875057	       468.44011071	       475.20760589	       456.94671457	       464.24680737	       464.07460768	       453.55493545	       464.59208409	       473.41689755	       470.16137025	       455.81488097
       445.37346212	       438.52442560	       436.78654581	       440.77332854	       435.28476259	       439.69090791	       442.63631239	       434.56652882	       437.46264046	       439.53620530	       431.83729134	       439.40673940	       440.74092850	       433.26889652	       433.60581590	       433.02181147	       426.18913150	       438.67302576	       438.86843673	       434.78960162	       431.59918828	       438.73818834	       440.75584426	       443.55031177	       435.63060164	       431.02565907	       438.99111689	       439.23365188	       435.09451795	       424.41541952
       420.84980593	       417.86724924	       416.77345718	       418.70983215	       420.89229095	       419.02378874	       418.83780288	       419.90720453	       420.11477228	       415.70237545	       418.37085401	       418.11348259	       419.47127360	       417.78539644	       420.09881293	       415.92381823	       415.13751526	       416.09107993	       417.21356366	       417.03533459	       417.90923273	       420.31881339	       418.31617634	       417.36112482	       413.42699707	       416.80450906	       423.81672405	       419.50382347	       416.85983295	       417.83306608
       407.99004027	       406.51100809	       405.36740298	       408.45760513	       407.53098312	       407.90790844	       405.99524619	       409.59076588	       407.17250777	       406.63018098	       408.61419009	       406.69786188	       407.80361490	       406.77944296	       406.00483731	       408.44451834	       407.71678610	       406.63255675	       406.13298780	       407.87991160	       406.75509294	       408.13418471	       408.15248151	       407.82853503	       404.82470765	       406.46126080	       408.66558590	       408.30685781	       408.35986098	       408.59909182
       403.12368216	       403.20200331	       401.97363205	       401.32144723	       403.33407909	       402.03805756	       401.85201932	       403.13962988	       402.95006787	       402.17589067	       401.16787220	       402.69438431	       402.34953501	       401.57225212	       401.84987554	       402.30626647	       402.54627588	       402.75142355	       402.87201658	       401.68717564	       402.75592130	       401.49692836	       402.89352995	       403.54578291	       402.51114462	       403.00261920	       403.30226064	       401.87854756	       402.78799851	       403.23585314
       402.30278689	       402.21283490	       401.03262473	       401.11821749	       402.19243222	       400.38917714	       400.77410063	       402.19451374	       401.67162489	       400.91834482	       400.50213800	       401.91979934	       401.16569611	       400.93708979	       401.27821664	       401.69627764	       400.39207394	       401.68995299	       402.31076102	       400.56733311	       402.25012923	       400.70429456	       401.98319054	       402.79958198	       401.86322036	       400.98680104	       401.19208831	       401.43688113	       401.84770188	       402.32317678
       402.27777662	       402.17390971	       400.96885204	       401.06662202	       402.11487651	       400.31360424	       400.74811185	       402.10583421	       401.64116542	       400.89079684	       400.46756022	       401.86790234	       401.11065615	       400.89376423	       401.24839846	       401.61884994	       400.33110972	       401.59878195	       400.67965992	       400.54733379	       402.21384128	       400.64846719	       401.95230242	       402.77728076	       401.81372572	       400.93067844	       401.11777522	       401.41337231	       401.80265662	       402.30105850
